1506 1507 1521 1529 1538 1539 1540 1554 1559 1561 1563 1564 1566 1567
1569 1577 1593 1594 1610 1612 1613 1614 1615 1616 1619 1620 1621 1624
1625 1626 1627 1630 1637 1639 1640 1645 1647 1649 1653 1658 1660 1662
1668 1675 1680 1683 1685 1687 1692 1694 1701 1702 1707 1711 1722 1723
1724 1730 1736 1740 1742 1746 1750 1753 1755 1763 1765 1768 1769 1777 1779
1781 1787 1791 1794 1796 1798 1799 1800 1801 1803 1805 1810 1811 1816
1817 1822 1826 1827 1829 1834 1839 1849 1850 1851 1853 1856 1866 1872
1874 1883 1886 1892 1896 1900 1906 1909 1910 1911 1920 1921 1925 1926
1932 1933 1934 1935 1939 1940 1946 1949 1951 1956 1958 1976 1977 1988
1990 1994
